100
2
482.000000 227.000000
323.000000 792.000000
945.000000 312.000000
289.000000 545.000000
658.000000 22.000000
135.000000 863.000000
912.000000 328.000000
817.000000 911.000000
567.000000 782.000000
130.000000 325.000000
653.000000 883.000000
181.000000 829.000000
512.000000 528.000000
52.000000 149.000000
920.000000 120.000000
110.000000 383.000000
870.000000 85.000000
326.000000 414.000000
5.000000 827.000000
961.000000 343.000000
367.000000 252.000000
25.000000 211.000000
707.000000 196.000000
600.000000 577.000000
990.000000 829.000000
374.000000 33.000000
424.000000 126.000000
775.000000 102.000000
377.000000 143.000000
287.000000 483.000000
76.000000 641.000000
424.000000 226.000000
850.000000 804.000000
685.000000 321.000000
690.000000 240.000000
311.000000 23.000000
71.000000 719.000000
296.000000 893.000000
147.000000 187.000000
846.000000 895.000000
571.000000 909.000000
171.000000 605.000000
794.000000 214.000000
826.000000 477.000000
986.000000 313.000000
828.000000 476.000000
616.000000 696.000000
444.000000 925.000000
16.000000 566.000000
112.000000 873.000000
274.000000 157.000000
82.000000 240.000000
691.000000 89.000000
845.000000 486.000000
694.000000 333.000000
347.000000 681.000000
748.000000 196.000000
486.000000 722.000000
74.000000 331.000000
830.000000 658.000000
723.000000 381.000000
515.000000 407.000000
125.000000 118.000000
28.000000 728.000000
656.000000 237.000000
135.000000 605.000000
108.000000 715.000000
521.000000 442.000000
842.000000 777.000000
152.000000 437.000000
358.000000 34.000000
631.000000 310.000000
355.000000 780.000000
714.000000 239.000000
888.000000 565.000000
787.000000 68.000000
666.000000 299.000000
4.000000 197.000000
570.000000 108.000000
838.000000 602.000000
216.000000 895.000000
169.000000 694.000000
88.000000 883.000000
381.000000 334.000000
764.000000 879.000000
585.000000 908.000000
994.000000 522.000000
730.000000 647.000000
456.000000 500.000000
294.000000 421.000000
173.000000 68.000000
432.000000 228.000000
521.000000 307.000000
71.000000 174.000000
623.000000 928.000000
43.000000 843.000000
306.000000 374.000000
520.000000 955.000000
191.000000 227.000000
382.000000 180.000000
