100
2
981.000000 777.000000
977.000000 37.000000
743.000000 441.000000
880.000000 414.000000
70.000000 107.000000
782.000000 80.000000
576.000000 916.000000
171.000000 471.000000
26.000000 816.000000
462.000000 709.000000
258.000000 978.000000
706.000000 265.000000
837.000000 468.000000
43.000000 80.000000
170.000000 985.000000
288.000000 821.000000
686.000000 906.000000
200.000000 102.000000
89.000000 46.000000
578.000000 983.000000
153.000000 341.000000
47.000000 699.000000
518.000000 119.000000
771.000000 863.000000
581.000000 24.000000
84.000000 425.000000
481.000000 991.000000
522.000000 449.000000
935.000000 136.000000
16.000000 160.000000
585.000000 198.000000
113.000000 86.000000
430.000000 573.000000
823.000000 368.000000
775.000000 335.000000
808.000000 898.000000
509.000000 269.000000
842.000000 296.000000
977.000000 328.000000
137.000000 532.000000
900.000000 8.000000
726.000000 427.000000
120.000000 637.000000
354.000000 240.000000
86.000000 564.000000
411.000000 486.000000
42.000000 629.000000
470.000000 352.000000
252.000000 243.000000
110.000000 235.000000
25.000000 827.000000
739.000000 7.000000
481.000000 977.000000
167.000000 369.000000
962.000000 711.000000
957.000000 981.000000
357.000000 367.000000
779.000000 194.000000
159.000000 994.000000
690.000000 526.000000
587.000000 826.000000
739.000000 20.000000
389.000000 622.000000
444.000000 82.000000
330.000000 116.000000
811.000000 32.000000
279.000000 860.000000
251.000000 702.000000
551.000000 753.000000
277.000000 806.000000
697.000000 323.000000
488.000000 794.000000
625.000000 900.000000
428.000000 671.000000
262.000000 496.000000
499.000000 970.000000
796.000000 960.000000
1.000000 649.000000
691.000000 408.000000
534.000000 981.000000
903.000000 663.000000
9.000000 782.000000
193.000000 960.000000
559.000000 224.000000
726.000000 159.000000
684.000000 957.000000
319.000000 573.000000
162.000000 868.000000
281.000000 984.000000
344.000000 424.000000
309.000000 157.000000
548.000000 84.000000
443.000000 279.000000
292.000000 653.000000
458.000000 108.000000
106.000000 600.000000
43.000000 862.000000
270.000000 902.000000
639.000000 936.000000
56.000000 588.000000
