100
30
2
948.666687 717.000000
938.500000 22.500000
712.500000 450.500000
880.500000 351.500000
70.000000 107.000000
759.400024 59.599998
596.000000 880.666687
222.250000 518.000000
25.750000 821.750000
458.000000 687.000000
269.666656 954.666687
739.250000 279.250000
837.000000 468.000000
43.000000 80.000000
171.000000 951.750000
277.399994 768.400024
669.666687 933.000000
331.000000 171.000000
134.000000 78.000000
556.000000 982.000000
170.500000 297.000000
65.428574 623.714294
502.285706 182.714279
833.000000 925.500000
564.500000 54.000000
84.000000 425.000000
487.000000 979.333313
420.799988 415.600006
935.000000 136.000000
16.000000 160.000000
0
1
2
3
4
5
6
7
8
9
10
11
12
13
14
15
16
18
18
19
20
21
22
23
24
25
26
27
28
29
22
18
9
3
11
23
22
3
3
7
1
2
21
17
21
27
21
27
20
20
8
5
26
20
0
23
27
11
14
2
6
5
9
22
17
5
15
15
9
15
11
9
6
9
7
26
23
21
2
19
0
8
14
22
5
16
7
14
10
27
17
24
22
15
22
21
8
10
16
21
