100
15
2
382.272736 148.090912
353.000000 814.200012
951.000000 324.000000
313.833344 428.500000
659.727295 270.090912
111.428574 859.000000
864.142883 540.857117
851.500000 849.166687
599.750000 711.750000
116.500000 369.000000
590.400024 916.599976
96.750000 659.125000
520.799988 490.799988
96.666664 174.555557
780.375000 112.000000
0
1
2
3
14
5
2
7
8
9
10
5
12
13
14
9
14
3
5
2
0
13
4
12
7
0
0
14
0
3
11
0
7
4
4
0
11
1
13
7
10
11
14
6
2
6
8
1
11
5
0
13
14
6
4
1
14
8
9
6
4
12
13
11
4
11
11
12
7
9
0
4
1
4
6
14
4
13
4
6
5
11
5
3
7
10
6
8
12
3
13
0
4
13
10
5
3
10
13
0
