100
30
2
464.750000 247.000000
353.000000 814.200012
951.000000 324.000000
99.500000 604.250000
639.666687 73.000000
118.800003 871.400024
845.000000 521.200012
809.000000 895.000000
556.333313 733.333313
131.666672 294.333344
590.400024 916.599976
175.000000 761.500000
501.000000 469.250000
148.333328 124.333336
920.000000 120.000000
131.000000 410.000000
870.000000 85.000000
308.666656 403.000000
53.000000 747.250000
994.000000 522.000000
374.000000 293.000000
46.799999 194.199997
700.727295 269.636353
665.000000 612.000000
878.000000 767.000000
347.666656 30.000000
424.000000 126.000000
781.000000 85.000000
344.333344 160.000000
288.000000 514.000000
0
1
2
29
4
5
2
7
8
9
10
11
12
21
14
15
16
17
18
2
20
21
22
23
24
25
26
27
28
29
3
0
24
22
22
25
18
1
13
7
10
3
22
6
2
6
8
1
3
5
28
21
4
6
22
1
22
8
9
24
22
12
13
18
22
3
18
12
24
15
25
22
1
22
6
27
22
21
4
6
5
11
5
20
7
10
19
23
12
17
13
0
0
21
10
5
17
10
9
28
