100
15
2
882.571411 836.142883
937.333313 60.333332
682.142883 405.571442
859.400024 348.200012
289.000000 171.600006
736.714294 73.714287
579.090881 940.272705
209.375000 428.125000
51.799999 679.099976
402.100006 653.599976
275.500000 891.833313
503.777771 190.555557
837.000000 468.000000
73.500000 119.000000
145.399994 933.799988
0
1
2
3
13
5
6
7
8
9
10
2
12
13
14
10
6
4
13
6
7
8
11
0
5
7
6
2
1
13
11
13
9
3
3
0
11
3
3
7
1
2
8
4
8
9
8
11
4
13
8
5
6
7
0
0
7
5
14
2
6
5
9
11
4
5
10
9
9
10
2
9
6
9
7
6
0
8
2
6
0
8
14
11
5
6
9
14
10
7
4
11
11
9
11
8
14
10
6
8
